406.43
142.46
410.38
147.72
413.09
134.42
412.58
196.87
186.79
261.87
159.90
125.13
221.53
383.58
227.62
403.48
389.43
319.92
392.21
376.76
302.82
123.14
184.07
218.16
392.41
199.24
197.72
236.24
173.53
384.41
275.08
287.31
283.59
177.48
229.39
235.33
299.13
129.03
373.94
293.41
126.84
195.42
237.40
326.50
117.09
130.86
401.46
172.33
326.73
258.66
380.45
348.03
161.67
386.29
345.07
309.08
395.90
277.31
120.10
390.07
121.20
236.99
249.16
173.67
391.43
335.43
267.58
383.26
402.79
400.49
257.78
316.02
125.79
409.06
233.84
364.71
138.61
300.95
291.71
216.97
238.33
232.03
232.09
142.37
319.93
394.77
175.07
249.75
173.83
256.65
190.99
262.40
361.84
165.82
282.69
324.80
311.81
208.86
334.31
287.60
1117.91
1540.52
1244.73
1718.99
1493.59
1021.34
1422.23
1570.55
1172.13
1424.57
1162.28
1516.36
1566.99
1583.01
1617.35
1464.42
1057.82
1150.82
1389.23
1175.41
1685.87
1613.58
1251.33
1524.43
1178.48
1628.03
1018.92
1168.99
1019.31
933.06
1481.70
1330.69
1375.56
994.59
1436.20
867.96
1289.64
1526.80
1473.74
1225.56
1148.79
1312.38
1429.33
873.61
1372.48
1511.55
1646.67
1582.28
1121.29
1472.69
1010.95
1563.07
1367.54
1523.52
1356.69
1258.40
1535.33
1353.66
894.89
1151.61
1441.26
747.39
1452.49
1266.31
1493.91
1540.53
997.21
1060.49
1690.47
565.71
831.22
1216.73
1238.41
1304.16
1356.71
1552.10
1584.81
1126.20
919.47
1161.29
1554.66
1372.28
1279.00
1703.68
1395.90
1232.32
1200.13
1123.82
1223.96
1523.07
1556.07
1453.40
1303.17
916.01
819.52
1447.26
1326.42
744.77
762.10
1282.63
2706.03
2324.93
2375.11
1497.67
2141.31
2920.65
1718.08
1366.97
1491.65
2484.60
2244.47
2120.38
2365.04
1624.44
2634.66
2650.65
2271.85
1954.54
2235.75
2242.63
1436.64
2156.73
3180.37
2871.24
2419.87
1879.34
1967.43
2408.43
1769.26
2849.81
1030.58
2255.15
1720.25
2672.89
1378.98
2670.29
1618.76
2187.55
2482.12
2323.00
1665.28
2128.63
1311.16
2138.47
2800.54
2523.71
2456.77
3086.98
2357.87
2600.65
1777.38
1657.24
2468.59
2340.87
2934.20
1691.09
2020.93
1265.64
2283.25
1903.33
2186.48
2772.24
2843.38
1773.19
2323.33
2936.70
2535.21
1779.43
2256.71
2734.28
2426.84
2736.36
2074.37
1429.38
1198.66
1715.37
2918.26
1923.33
2130.57
1507.18
2581.63
1663.01
2154.61
2817.78
2159.45
2446.66
2722.17
1838.99
2766.03
1534.61
2486.80
2320.00
2574.59
2975.47
1608.59
2031.28
1572.13
3182.64
2389.19
2694.42
1795.96
1181.17
1010.27
1143.41
1052.86
949.92
762.57
1196.71
1246.72
1905.71
921.36
1070.21
1281.43
918.39
992.94
1050.75
1385.08
676.85
989.56
805.19
1749.19
961.30
1046.38
1377.68
1435.63
900.31
1597.47
1758.50
800.76
1283.26
652.27
780.16
894.45
2080.62
1248.47
1058.62
994.80
687.54
1299.55
1421.93
740.91
931.38
1244.87
1792.24
1098.38
1137.05
1413.44
687.22
824.24
1508.66
1993.45
1362.46
889.03
1502.00
811.21
955.73
1130.08
1326.81
787.38
901.37
991.67
971.72
1928.02
1278.75
653.33
1656.48
1642.57
847.82
892.34
911.87
1418.22
947.79
1337.33
1201.84
1304.87
1488.34
1130.18
807.95
1042.38
1722.57
1040.55
1336.96
994.79
642.81
1443.59
981.21
2076.91
576.05
1051.31
1509.04
877.66
1317.78
800.46
1075.90
2012.17
1509.27
1395.76
1153.20
1493.14
1794.61
1576.14
679.19
1560.49
1743.99
1023.29
820.39
1706.99
1277.49
762.74
1915.49
886.34
1152.89
1305.74
1129.74
1365.49
998.99
1925.99
605.19
1911.49
548.94
1426.99
819.39
992.54
1124.49
1202.49
1256.49
1803.99
1110.04
582.84
1973.99
626.39
1023.49
1697.99
1318.59
1017.09
2189.99
957.24
1122.14
1139.74
1102.34
1265.99
1439.79
764.64
603.14
828.99
1721.99
605.39
1267.14
1927.49
889.49
460.78
452.69
508.49
614.32
1027.38
802.21
1110.99
1050.95
519.69
577.23
1182.49
1179.61
893.28
849.93
1350.46
565.34
1212.16
1023.84
1063.99
439.76
881.74
886.37
1175.64
922.82
918.03
1298.72
1011.06
1329.07
1280.20
511.16
785.90
868.69
448.46
475.14
1214.78
906.45
1360.84
994.07
932.25
1397.96
514.97
642.26
552.58
1120.41
544.84
450.87
996.48
861.28
1243.68
1088.38
977.72
972.63
838.70
408.85
979.90
403.70
1301.94
780.61
964.99
740.60
900.76
886.64
800.44
498.23
428.39
944.16
977.89
1283.42
925.23
534.12
1254.42
1198.24
1244.00
501.85
564.92
491.67
799.70
621.35
1289.46
479.44
804.79
1116.67
650.14
879.19
475.20
622.97
1419.42
475.88
1194.87
783.98
658.47
939.55
834.35
387.99
524.39
491.47
1191.88
1253.65
515.46
1272.76
1569.83
1423.55
1506.63
2059.56
1297.34
796.99
1115.30
1276.44
1687.18
1504.81
1380.03
1393.28
1611.68
1140.23
1528.79
1167.78
1141.78
993.71
1619.90
1994.06
1010.23
846.96
1345.55
2150.66
1620.92
1169.85
1899.58
1108.88
1842.82
864.35
1048.62
1435.99
1008.95
992.14
1277.10
1581.56
1978.23
1589.35
1248.07
1892.78
1948.64
1591.85
1707.83
1989.50
1207.83
1549.38
1404.63
1876.07
1183.31
1308.07
1906.60
1213.71
2155.47
1368.16
963.43
1516.96
1313.90
821.91
1165.58
1589.82
1387.23
1732.10
1251.63
2096.55
1515.79
1352.70
1238.33
1345.93
1730.28
1050.78
2140.33
678.02
1351.84
833.21
1330.12
1352.61
1974.43
1185.83
2143.21
1200.92
1203.14
1157.59
1152.35
1576.73
1563.72
1143.01
1768.99
1379.04
1095.87
1803.55
716.08
1605.32
1179.90
1686.86
1693.27
1255.16
1037.75
1903.58
1424.69
1236.73
2213.58
2142.74
2555.17
2365.85
2124.25
2665.95
2485.36
2358.81
2170.81
2318.92
2459.87
2293.23
2335.71
2381.96
2636.67
2577.61
2531.96
2488.20
2357.16
2484.25
2410.36
2314.54
2109.34
2299.88
2480.41
2169.20
2122.13
2382.80
1983.14
2238.45
2593.46
2447.41
2295.19
2345.45
2194.21
2617.40
1989.64
2607.79
2768.58
1980.26
2278.14
2602.38
2311.28
2257.10
2298.68
2678.91
2232.53
2617.31
2640.20
2431.65
2024.46
2441.66
2023.02
2215.57
2640.95
2493.87
2266.39
2305.03
2072.09
2017.54
2167.28
2260.67
2169.55
2404.64
2308.43
2531.35
2322.64
2079.16
2700.91
1997.55
2609.40
2135.76
2228.17
2371.86
2658.05
2407.36
2139.01
2200.43
2593.50
2056.12
2595.85
2041.41
2460.56
2745.05
2234.19
2221.76
2501.46
2053.65
2041.68
2211.03
2019.24
2232.55
2608.71
2332.86
2526.67
2489.92
2528.34
2157.08
1971.29
2427.48
1183.94
922.71
1296.21
3505.94
1350.51
911.37
1747.55
1851.25
919.55
1888.88
2998.80
1541.08
2805.89
3096.72
1379.29
3100.44
2662.43
2330.61
3225.54
2172.40
1371.07
3018.78
2709.00
3054.67
2327.22
2091.21
1791.02
1357.33
3224.20
1993.48
3205.21
1878.27
2554.28
624.82
1586.97
3026.52
1066.39
3143.72
2497.08
547.19
2670.20
2436.41
1956.55
934.09
980.65
2719.07
3521.14
893.07
2971.58
1353.84
2291.29
1584.05
1894.21
2891.50
2521.29
1668.99
1977.43
2249.35
1317.66
3637.22
1896.00
1640.05
461.12
252.23
1654.16
1054.79
1914.00
3165.84
1198.65
1263.82
2060.12
1119.30
1255.66
602.52
1867.63
1578.56
2000.58
1967.76
653.71
2428.34
1710.62
1483.33
1593.79
2068.88
477.28
2382.10
1729.83
2708.70
1265.13
3206.87
2789.94
952.70
2095.41
1074.67
1287.56
1964.73
2843.36
965.24
757.37
1354.41
2413.11
2233.67
2442.06
3312.89
2549.31
2515.42
2445.65
2078.70
1064.53
2805.75
1899.06
1147.24
1565.95
1262.80
1217.75
1983.56
2254.85
1179.56
2129.92
1766.38
1116.66
2307.36
1931.67
1656.42
989.59
2736.85
1622.39
1762.21
1518.15
3064.80
640.46
1556.67
1154.79
623.12
705.37
1576.64
1123.29
747.46
2614.85
895.21
710.71
1173.85
944.18
3068.43
1496.70
2964.32
3003.64
1483.68
1012.81
2657.74
1904.28
2373.75
2657.07
2760.62
1907.67
794.76
1758.41
656.63
1682.90
2606.17
3362.16
1240.33
506.13
1323.01
2632.45
2004.12
1327.84
1699.71
2063.84
2739.43
2629.84
3719.10
1423.13
2725.34
1284.75
1336.83
2557.42
3777.68
2249.20
2608.43
1727.74
3191.07
2832.86
2659.24
2699.20
1417.65
728.29
870.62
1090.12
2187.41
3340.98
2586.95
1385.25
1573.64
1287.29
1852.08
2451.64
2433.00
1088.71
2536.62
1329.03
1268.72
3513.59
1854.26
1381.74
2667.48
1309.89
1753.84
1877.31
3342.03
1372.68
2405.55
2224.76
1325.90
2859.75
2985.58
3353.31
3096.36
1630.56
1807.20
1254.78
3318.89
2324.01
2660.15
1245.89
2109.82
1137.06
788.98
1266.15
2404.98
1056.21
1891.94
1847.76
2388.30
3338.49
1530.58
2541.85
3112.01
3402.46
2935.70
1595.54
1958.72
2815.40
1548.20
3282.92
2502.14
1074.33
2083.98
2886.62
2511.81
923.79
1068.72
3172.24
2423.07
2678.92
3731.14
1756.30
3330.16
2331.94
3201.32
1760.46
3059.53
1214.74
2146.56
1900.22
2004.79
1269.83
1511.03
1607.56
2841.23
1822.77
1408.47
1803.26
2906.65
1134.77
1826.41
2879.72
2862.68
3152.56
1433.05
1043.28
1661.96
764.09
1183.22
1264.75
1353.66
2019.04
1264.17
1729.86
1940.95
1993.12
1207.41
3367.64
1692.90
1431.04
2187.13
887.41
1964.46
1554.47
2126.78
1243.39
2031.59
932.55
3775.35
1189.41
2341.28
2559.44
2261.94
1514.59
3399.98
3193.33
1632.17
1591.17
2041.67
2442.50
1094.09
2774.26
2730.37
3068.29
1656.99
1577.04
2708.13
845.35
2095.16
1308.47
1615.07
1520.89
1725.43
2825.85
1303.14
2254.04
1833.33
2198.64
2619.78
1848.98
513.39
1812.61
3002.02
3011.11
1029.17
2949.01
1417.68
1471.26
2161.86
2076.30
1325.11
508.87
1462.50
3152.05
2670.17
1557.40
1352.24
3064.60
1539.65
2219.85
3153.92
2328.72
1913.88
1515.43
3253.35
2443.29
2788.25
2359.91
2182.04
1633.95
1692.31
2589.51
1222.12
3115.48
2195.80
1439.93
2079.46
3394.11
878.76
2148.25
1253.95
2556.73
2380.33
1666.54
1829.51
1387.29
2853.20
2602.53
1704.22
858.80
1157.43
1520.59
1405.39
2748.52
2722.46
1392.90
1884.54
1719.06
1339.52
2243.73
1487.27
2246.13
3275.04
3020.23
1029.77
2007.88
2146.67
369.20
3607.20
1118.41
1992.22
2468.70
2111.62
3011.53
1208.13
1064.14
2060.84
1161.44
3262.41
2078.24
2757.07
734.47
1177.19
1748.85
2223.70
2628.12
1501.91
1821.32
2551.86
1614.58
2322.46
2525.59
1340.34
3470.18
2888.38
989.40
2475.98
1027.10
2325.12
2629.99
2850.63
1240.76
1326.85
2014.47
1610.47
3147.29
1444.82
2517.30
2567.30
3018.92
3384.79
3213.57
2194.68
1825.73
1513.98
1822.98
2026.03
1612.87
1728.60
789.15
721.20
2223.82
1247.55
2966.98
1834.13
2741.98
622.96
2699.88
2201.09
2383.04
3153.46
533.44
1425.31
2738.31
785.55
1868.71
1477.81
1335.62
2951.79
1135.01
3085.20
1076.14
1888.22
1065.04
1518.71
1621.23
2013.38
1334.45
2197.47
2489.47
786.54
1574.05
1025.55
1304.58
1983.57
590.14
2132.47
861.94
1409.74
1865.90
2491.22
2680.39
3251.32
2372.99
1126.42
2948.47
2518.29
1601.08
1105.44
1069.03
1836.80
1710.17
1801.98
2245.13
2637.33
1702.21
844.75
2474.68
1717.27
1905.72
1866.83
3279.24
1518.52
2019.36
1242.71
1665.03
1138.99
1304.61
2556.84
1232.22
2870.12
2733.04
1366.76
1771.44
2189.40
1197.16
2572.26
972.56
1312.41
2379.90
1421.23
2833.36
1006.44
597.61
1718.17
1557.13
3123.54
2089.27
2705.46
1201.47
2437.49
2188.48
2089.08
1299.35
1926.96
3040.15
1115.60
2656.19
1349.83
2919.66
3521.96
3455.06
2649.68
1026.25
919.77
1619.57
1876.19
1821.60
1541.47
3273.97
2067.33
1141.54
1897.13
2265.35
1809.47
1689.91
1238.91
1809.82
1645.35
1093.76
1180.12
976.83
2097.56
995.55
1053.45
1774.10
1707.22
1999.04
1885.57
1125.65
1917.65
2499.23
905.76
1768.81
852.59
725.87
1280.31
1035.73
1204.07
1281.89
3013.92
1775.74
2308.34
1212.63
2041.75
1598.18
2017.75
935.48
1666.46
3797.87
2794.25
2004.68
1796.27
780.83
2947.65
1770.65
2123.52
1069.41
2582.53
2324.20
1559.56
1802.27
1722.46
1527.23
2858.91
3524.40
3115.79
1486.40
2265.19
2453.91
2485.54
1510.11
834.91
2467.44
1531.06
2946.95
1126.26
1649.01
3117.80
2086.50
1066.34
3249.75
2191.69
2388.78
1053.67
1225.47
3195.43
2352.83
2461.16
3000.15
1730.50
1379.07
3317.21
1372.24
1578.37
2087.89
1434.80
2449.68
2716.91
1292.99
936.45
2468.22
1742.52
1860.99
536.42
1051.84
1366.83
1340.33
3132.85
1059.58
1733.86
2010.28
2668.35
2031.54
3065.34
2128.75
1585.33
2065.50
2731.82
1729.43
2834.13
2587.34
1824.54
568.05
2115.11
1505.67
1141.44
1949.09
2939.86
1827.71
1040.68
2613.59
1391.50
2062.97
2903.28
1133.92
3222.33
1338.15
3087.46
1089.86
2374.24
1795.32
3632.26
1083.38
1511.92
3107.48
2926.89
1754.23
924.17
1271.24
2831.19
1709.01
2664.98
1224.86
610.69
2232.08
1696.11
1258.78
1725.85
3043.03
1016.87
1127.81
2769.95
1815.14
901.24
2266.57
1593.98
1115.53
2342.60
1774.81
912.04
1994.01
1542.19
1718.92
1495.72
3194.70
1916.59
866.40
1362.19
1481.01
2897.71
2440.70
1262.86
1436.68
766.24
2279.49
1595.16
830.55
1056.66
2383.93
2717.65
2496.86
1781.43
2676.54
1104.67
2464.26
3325.62
709.58
3090.83
1773.22
2538.85
911.07
956.75
1436.18
1607.95
3301.26
1672.30
3443.32
1814.34
1444.69
2410.41
967.95
1481.24
3357.16
2659.16
967.94
912.34
965.37
923.08
1319.88
1200.88
2394.92
1789.48
2089.37
1017.43
1221.80
689.77
2048.14
1351.58
2450.27
1647.62
3486.53
2627.75
287.91
1513.85
1023.57
1075.28
1684.25
2057.67
1503.19
2730.66
3453.34
2520.78
1131.03
585.01
2049.95
1887.32
2027.88
2142.27
960.45
2046.55
453.07
634.22
2139.43
2356.59
803.89
669.27
1014.32
1976.43
2159.01
1201.80
2798.61
525.17
1240.28
1088.20
1875.57
2506.37
2922.72
2546.23
1843.19
2865.82
1351.68
3188.47
1084.20
2757.64
1530.95
1875.74
2121.07
1495.31
2169.92
2218.67
1640.15
1853.81
2097.10
3051.81
1491.43
1650.54
1170.26
1554.47
1577.95
1909.87
1724.67
1840.98
2123.85
3648.04
2390.15
3127.36
662.02
1544.78
1638.67
3629.25
1847.52
1226.29
1402.36
1027.55
2904.98
3126.46
2772.96
1808.96
2328.74
1648.04
3759.67
2182.40
834.99
1339.37
1407.08
1141.59
1652.36
1793.25
1658.75
2374.94
2222.91
2716.90
1341.03
776.27
1287.19
2434.27
1119.39
2267.85
1739.13
1860.55
736.68
1183.34
1716.58
1333.54
2424.58
1548.87
2366.24
2761.48
645.13
2305.37
1213.63
2229.58
1545.05
1018.47
2080.32
1444.88
3071.15
3442.27
3239.33
1836.45
1304.65
1905.76
2241.12
1678.61
1960.83
1912.55
821.95
2001.78
2694.57
2659.75
2113.18
1052.50
993.57
1537.65
910.98
2936.10
1101.00
412.94
1380.19
876.77
1716.88
1432.65
1511.08
968.75
1362.39
2133.81
1266.66
975.82
1964.42
2061.21
1343.80
3124.87
3313.88
1828.20
2213.72
568.42
1547.70
1951.23
1136.03
1591.82
1529.78
1113.67
3282.46
1375.49
1671.97
1117.32
3102.93
964.90
2894.45
1655.58
1312.46
1838.56
2506.47
957.95
1839.96
669.36
1216.55
1869.22
3294.78
728.69
2624.12
739.23
1955.84
1813.88
1561.79
3097.60
1253.66
1628.65
2467.74
1529.54
1042.42
1578.96
3008.92
3043.28
1636.06
2273.21
3661.45
2709.85
1317.06
1796.60
1784.08
1336.26
1830.86
1883.11
1968.99
1989.96
2034.58
2725.10
2191.79
1988.11
2804.73
3198.67
2840.08
1369.80
853.32
1691.12
3121.48
607.11
2726.74
1658.65
1543.45
2641.45
2475.01
3136.82
1799.31
1688.26
1903.97
1554.30
2453.87
2151.33
3615.04
788.92
1296.59
1569.47
1980.02
1952.29
1988.23
2867.73
1719.31
983.22
1097.87
2007.18
2135.68
600.55
2295.43
1025.97
1051.69
3049.38
1611.08
1513.16
753.31
2437.45
1729.63
3323.53
3349.34
1976.27
2057.68
1659.77
3432.43
1847.73
1756.37
1255.41
1273.54
1610.02
951.83
2735.26
2352.42
1237.39
3099.38
2737.09
2404.13
2196.96
1342.03
3314.22
2116.82
3508.35
836.93
1593.22
1217.22
2084.00
2248.10
2592.12
2251.65
2908.86
2602.70
1425.05
1800.27
1951.40
1732.14
2719.60
1506.07
1428.07
829.35
2551.14
2581.49
1814.21
860.97
1662.90
1482.25
856.08
1018.17
1039.95
533.15
1125.00
1144.15
1974.37
760.89
673.14
926.13
2711.44
724.99
908.73
2712.26
1940.95
1934.53
2983.57
1930.04
2025.40
1859.19
1832.80
1919.07
1056.76
2973.56
2529.90
1650.34
1017.72
1600.33
1636.95
1466.79
798.41
1586.61
2653.83
1872.07
1379.55
1890.86
1523.81
3129.30
3179.97
1580.14
1692.23
3053.35
841.92
1510.10
1606.65
1721.70
1290.19
944.93
2407.91
2223.12
2408.78
1467.35
2136.33
2411.32
1884.27
3332.39
2683.90
2578.51
1764.98
1165.08
2906.31
1209.03
1776.12
2003.79
1313.65
1622.75
1310.11
1665.44
874.60
1974.12
2743.53
835.76
706.60
1529.56
2076.74
2145.78
772.16
741.46
2273.98
1988.61
2383.98
1849.62
3594.03
2895.49
2774.72
1682.51
1575.46
1399.54
1403.87
1844.47
2314.79
699.95
1962.38
750.46
2756.51
2790.19
1095.34
2633.98
1283.91
1545.72
3109.38
747.85
1711.07
1004.02
2111.17
2159.96
1605.24
893.35
1394.15
2288.90
226.78
882.78
2360.63
2162.07
910.14
1661.88
2275.98
939.58
1038.61
2107.37
2955.59
1846.66
2385.14
3329.70
1078.05
2337.67
1862.88
2416.70
2392.90
1677.53
1839.05
2897.71
1036.59
2776.17
1356.76
2329.01
1585.86
974.26
1837.51
2442.31
1891.60
1077.85
1418.57
3027.46
1623.28
1451.53
1516.53
2065.61
1945.32
2652.92
2790.74
726.81
355.99
1156.50
2019.70
3116.49
2509.09
2400.17
1609.54
3293.68
2924.51
3002.50
742.35
2748.43
2292.86
1919.17
2615.71
3345.61
1509.29
3136.95
1498.32
1896.40
1746.06
1321.83
1957.26
1604.62
2096.75
1752.05
2231.34
412.60
3013.52
1413.50
1154.54
736.76
997.96
3248.71
2395.22
3220.93
1511.36
3491.64
1159.81
1308.83
2695.56
1944.46
1452.41
669.54
962.54
2147.77
2514.16
2019.26
613.61
1688.39
645.45
899.17
3146.28
1595.23
1884.88
1049.82
2091.01
2040.73
2572.55
1485.98
1497.86
3167.98
1919.00
717.45
3294.45
2132.44
2770.48
2850.35
1158.12
1285.88
932.12
2677.56
2773.76
1397.47
1714.59
3362.31
658.66
1188.67
1007.70
2348.92
1563.74
2737.31
1217.73
1775.65
2064.12
2345.70
3225.53
779.87
2976.69
1252.50
2033.13
1042.93
2597.54
1753.12
2905.44
3125.48
1025.20
2044.66
1376.87
3331.46
2282.70
1894.59
2015.07
1110.87
697.80
1441.00
1374.23
1590.30
1693.35
2661.56
1527.23
2093.79
1648.60
2185.00
1087.78
2396.82
2732.10
1794.91
3128.91
2694.43
2741.36
1309.33
1582.46
1233.77
3305.87
2598.43
1289.44
1720.10
1690.20
2178.55
2524.89
2033.72
2997.49
1105.05
1433.84
1985.78
2840.11
858.72
2151.28
1242.59
2948.82
2892.88
740.95
2528.32
3589.50
3103.09
1587.33
1835.15
965.27
1328.01
2811.29
1783.25
1936.52
1553.84
1218.73
1614.36
2330.25
1393.64
3116.45
1525.32
380.65
1655.57
2058.52
2791.17
2003.93
2480.55
2984.28
1110.51
1910.52
2408.18
1815.29
1106.72
2274.01
1353.07
2204.54
1696.56
2204.75
2345.53
1552.12
958.82
723.71
2098.52
993.04
1808.31
999.00
956.46
1433.98
1701.17
1506.49
1046.96
3014.70
1197.48
3503.20
1370.11
1045.82
2727.87
1328.10
2138.45
3424.87
1392.97
3387.59
2830.63
2832.21
1353.42
625.00
1211.36
1868.21
2851.71
777.92
2887.21
3170.34
1563.22
2780.28
1188.58
663.97
1758.18
1141.96
259.15
1057.44
2131.77
2524.61
2850.66
3399.12
1832.90
2622.82
1988.60
1174.22
1752.46
2026.12
929.14
1591.69
1573.34
3430.90
1871.08
2634.09
1068.83
2193.76
2229.65
1432.60
1652.87
1115.08
3315.34
1357.58
2742.04
3516.97
951.57
3029.78
249.99
3229.95
1191.23
3051.11
2822.94
718.17
3211.65
3194.64
1815.47
1987.59
793.76
1484.26
2488.91
1723.13
1680.41
3039.40
1141.37
2651.21
2314.93
1573.33
386.94
3366.04
622.01
323.28
1938.44
1558.16
2782.03
1906.92
1571.52
3061.33
1622.77
1962.38
2354.16
1920.23
1483.97
3148.83
848.05
2391.15
1377.77
1509.86
2361.35
2042.15
2204.19
1185.12
1283.09
1612.66
3231.56
864.43
844.69
1166.78
1554.66
1193.85
1127.50
2412.54
1736.50
2717.08
1169.09
2951.57
1094.76
2990.17
3052.17
1781.78
1232.00
1995.90
1188.94
2835.51
1776.04
945.59
2783.97
1077.40
1357.81
838.82
1067.15
537.79
2400.13
3524.34
2533.64
2335.25
1500.14
748.99
2111.74
3166.85
1494.70
639.94
1820.38
2034.36
691.96
1198.55
1115.89
1144.42
1468.34
2638.87
1417.49
573.58
922.30
3433.72
1631.61
3120.34
3575.92
1232.18
1673.09
3598.44
948.28
1415.70
1555.61
2200.52
1864.90
2521.41
1318.27
2519.34
2581.41
2046.84
804.92
3374.17
2489.76
1937.50
2767.99
1745.38
1548.01
2965.29
2233.98
1114.89
1505.70
2540.39
1428.70
899.95
1694.83
1045.19
1093.20
329.25
1653.90
3335.50
2508.86
1611.37
2094.95
2002.92
2307.98
1958.24
1590.23
1237.13
1011.27
2487.31
2595.01
1692.36
2033.29
1009.00
2979.08
2686.92
2514.02
1159.73
1389.89
2297.89
3502.71
1559.97
1465.48
1870.44
1059.03
1377.30
3382.82
2189.72
2527.24
2211.14
1307.27
2753.45
1407.83
2835.11
1633.92
2360.09
1562.25
1654.12
1885.88
2646.82
1503.57
2046.22
2034.97
1568.96
1466.51
1161.96
2506.78
2577.56
2036.52
1063.49
1745.37
1184.47
1248.10
2590.25
771.70
2770.50
921.08
1839.69
688.61
2364.55
1004.19
532.46
421.90
3095.48
2064.43
938.11
1608.82
3211.30
2468.59
1604.36
3272.21
2040.32
2492.07
1967.30
1396.48
3069.22
1793.51
768.34
3079.73
2009.69
2149.50
2424.27
3505.27
2198.90
2476.02
2707.62
1305.70
1500.09
1707.80
1719.45
1916.71
1212.43
3705.68
2244.64
1751.63
2450.09
2041.25
1666.99
3276.06
1441.04
1289.25
1384.54
1950.34
2723.75
961.74
1868.51
1284.49
3802.94
2458.34
1290.97
2609.49
2851.87
2973.72
2286.45
1463.73
1379.42
2745.89
512.91
3638.11
3363.53
3437.34
2035.78
2440.74
1631.90
1427.35
3254.02
335.15
1988.82
1514.34
814.51
3412.18
2007.49
1634.63
1765.41
1995.76
2520.17
1611.59
2301.64
2110.57
2039.48
1063.15
1841.26
1377.81
1538.05
776.72
1155.73
677.02
2301.65
1009.65
1552.03
1301.76
1627.93
2458.01
2881.78
2352.38
3161.62
1413.49
1119.55
2567.31
3507.99
697.26
621.02
1569.42
2166.19
2773.42
2063.29
2390.86
837.36
682.06
2820.32
901.81
2314.60
1270.27
3536.34
1731.05
1820.38
1654.84
1689.14
1212.77
2072.23
3403.84
1633.04
2516.33
1558.06
1728.39
2488.37
1818.95
3614.94
1950.42
2374.05
1306.37
3288.15
1034.78
1028.84
1770.71
1291.12
2335.10
1618.65
1994.81
1904.14
3037.13
2441.78
2123.86
1948.93
1177.55
1714.99
699.24
2680.95
2209.84
3444.96
3252.41
590.92
750.83
2493.57
3310.35
932.03
3190.69
917.44
1470.94
1254.34
1025.69
3076.96
1317.28
662.70
2946.64
2512.59
1299.89
1298.00
703.64
1551.30
2415.45
3349.35
2237.74
1863.12
1942.82
1575.64
3352.29
2812.11
2375.94
3062.85
431.33
2093.88
1881.62
2837.63
595.78
1006.18
2830.38
2899.48
1972.23
1383.42
1820.36
3415.36
3056.43
1823.76
2539.93
2218.00
1140.54
2521.91
1796.85
2094.46
1586.18
996.73
971.84
2889.72
2866.38
2108.22
3048.20
3270.63
3436.77
2330.07
2034.64
1013.77
1130.94
1326.82
938.13
1425.80
2154.84
2570.20
1153.89
2547.80
2060.23
2672.11
2631.75
1667.87
2189.76
588.04
628.30
740.45
1609.77
1351.96
2458.18
2283.59
2845.43
1882.42
1775.27
1557.80
558.12
1148.66
2498.81
1557.68
1892.89
726.12
956.54
1218.90
992.89
1678.33
1629.67
903.29
1921.74
1884.57
2695.76
1240.61
1404.31
667.25
722.34
2499.67
2290.45
2929.02
1836.37
2447.86
2112.83
2202.47
3387.34
1506.27
2727.33
1611.41
2354.33
1183.89
1791.71
2150.36
358.52
3080.48
3341.86
1905.12
1380.63
1467.98
2003.99
942.29
2243.02
1510.78
2154.88
962.98
2047.27
2401.53
2850.82
868.46
1829.94
3088.94
686.24
2931.67
2572.91
1373.68
1560.90
2785.42
2471.07
1196.88
2384.35
1568.48
877.74
1487.06
2955.98
1701.77
928.32
3632.65
1944.28
1231.73
2946.50
2540.71
1231.12
1117.34
2090.08
885.71
896.43
1819.98
1344.97
464.68
2468.69
524.08
1649.84
1097.75
1823.55
2513.15
2693.18
1479.47
1574.80
616.60
1285.91
1912.27
3125.29
1578.88
1765.27
2851.22
2605.74
1759.49
2080.23
1613.98
2363.82
459.87
3175.38
2047.21
1119.59
979.22
802.54
3186.03
2104.15
1354.76
2949.50
2751.77
2007.70
2719.02
2210.82
1224.56
2471.92
1686.96
2773.43
2416.46
2252.37
3081.62
1347.66
1837.07
1433.80
1600.20
2079.63
3190.52
1414.75
1207.91
2652.66
1474.92
2003.80
1796.09
1793.07
1506.61
838.18
1576.40
985.00
3741.05
907.45
2236.63
2598.50
2084.92
3024.87
1251.88
1477.36
1770.89
2351.81
1441.57
1149.34
1649.84
1728.56
1394.11
2983.07
1712.47
964.04
1180.41
767.08
1555.10
3660.36
1668.47
884.60
3314.43
1405.22
2895.41
3753.24
2960.92
2649.18
1781.62
1981.43
806.01
631.95
2448.09
2991.07
2116.87
1884.78
3191.80
1938.71
3097.11
1601.19
1633.01
989.14
1955.39
2626.39
1733.71
911.40
2854.99
2340.15
1442.84
3311.97
1356.81
3398.71
3016.09
860.25
1063.65
1942.30
2292.22
2598.31
2625.75
1202.52
3301.50
2157.97
3204.37
1335.31
1745.03
3345.51
527.55
865.07
1274.54
1203.07
1989.13
2059.39
2844.84
853.53
1551.56
2010.28
914.07
3013.38
2649.07
1761.97
812.26
2586.86
1810.14
1831.46
1536.05
3379.18
2060.16
1343.65
948.00
1376.82
1912.52
1900.24
1864.85
610.95
1005.58
1507.56
1237.39
1520.22
2411.44
2347.32
3082.74
3118.75
2594.49
1766.91
2041.76
1473.01
2742.19
2283.74
1873.07
3267.67
3627.51
2118.07
2612.77
1567.76
2374.52
2464.21
1796.01
1331.85
3007.10
2474.16
2135.88
1207.71
2533.85
3590.31
1688.33
2815.17
2442.99
3289.90
1093.74
2362.52
693.38
877.85
2630.74
1248.61
1506.39
2583.79
2596.08
2921.71
2369.27
1741.47
939.85
2171.98
3697.70
2462.87
2084.17
3290.18
1742.16
1592.33
2367.82
1752.53
1516.13
1705.32
1490.64
3234.79
3393.27
2917.02
1400.07
1040.14
3598.99
1840.01
2245.38
1186.27
2199.12
974.61
1299.60
884.95
1681.82
1734.00
2449.25
1262.09
2594.05
2511.25
2204.91
3589.49
2595.94
573.04
1098.33
707.28
1182.33
2900.94
1376.69
2772.95
2988.55
689.89
1048.44
3258.05
2906.87
2084.94
2517.09
592.34
1051.36
1607.68
1823.81
2220.51
1963.59
1820.59
1826.48
1506.60
2359.18
851.23
2020.68
2213.58
3136.77
2744.40
2991.46
1466.30
1541.40
1188.66
2203.24
767.31
1276.82
1414.50
2518.40
1096.01
2641.37
3194.21
1523.80
2501.84
961.06
1756.40
1868.27
1105.32
2886.48
2219.80
2447.90
1704.43
1558.13
1675.59
1503.25
2295.15
1680.87
3103.65
2359.64
1367.20
1246.07
2045.82
1237.52
2659.26
962.81
940.77
2132.61
1622.59
1124.26
823.11
1506.13
1262.87
822.67
939.28
447.27
1210.05
3342.11
762.48
2650.56
2253.04
2579.37
1806.57
2586.56
3000.11
1182.39
1250.09
3013.37
2151.50
2631.74
1136.76
2324.62
2712.85
1250.56
1247.74
1176.98
2667.98
1727.45
1538.30
1500.62
2993.05
1178.08
805.50
1625.04
1932.37
1378.37
1069.36
1271.76
1123.93
1313.31
982.93
1461.56
388.14
1851.42
1642.29
1236.96
3049.09
1239.59
2873.70
2025.94
2835.59
3196.01
1426.83
1553.48
2988.23
1979.90
2288.91
788.41
1735.72
1202.82
2490.01
771.70
1751.63
2070.67
2041.96
2905.17
1633.73
1356.75
2210.15
1690.34
3857.61
2285.45
1497.77
3065.00
2028.17
900.10
2792.66
1556.02
2977.61
654.21
376.16
1250.28
1078.96
2631.34
2570.24
1275.09
1618.56
2014.12
1366.54
1138.27
1870.72
2300.93
2499.66
3510.14
1233.35
1627.19
1115.81
2930.33
1663.40
1637.06
1174.48
2858.16
1880.50
1020.71
3242.99
2010.01
1009.42
2589.41
2339.26
2272.26
3631.75
1894.95
1668.83
1645.46
1697.95
2489.28
1728.80
2632.58
1699.72
1643.17
1997.56
2816.14
3237.56
3286.85
3206.44
1141.36
1390.51
2039.25
1698.74
966.66
968.99
851.80
2988.23
1221.67
1208.31
3016.85
1068.11
1599.88
2423.84
1919.33
629.94
1229.19
2880.42
2150.57
522.75
705.55
3359.71
2515.77
2114.65
2712.59
1488.68
661.29
3059.09
2033.92
1629.90
3048.58
1895.18
2992.54
1040.48
2560.83
1856.78
2175.63
2200.84
1371.60
2234.40
1085.72
2412.52
2898.34
1843.04
2653.89
2024.18
2308.80
1226.47
1000.99
1610.58
1402.70
2852.65
1315.87
3313.62
1770.49
1227.20
2308.03
2277.44
1561.54
996.18
3223.31
3391.64
1580.92
1322.66
1327.56
1282.28
3660.85
694.96
2342.79
2108.72
3046.70
1609.14
3057.93
950.45
1984.32
1156.15
1825.56
2314.08
777.36
1078.61
2550.49
977.31
3214.74
1924.11
2503.05
2582.25
1559.47
2248.36
1325.04
3378.25
1671.80
2225.86
1637.37
874.25
3302.22
2635.45
1549.26
982.83
1238.43
3466.29
1649.02
2191.15
3177.34
1294.62
1664.88
3063.73
2039.47
1683.68
2537.96
1128.81
2316.74
1683.80
1476.02
1728.79
965.36
1275.38
2680.38
575.04
2446.45
2679.49
1663.25
2032.53
1958.92
3493.04
2800.97
1784.48
2703.69
485.91
986.71
1521.05
1972.62
2327.80
881.88
1276.12
1072.79
2123.60
3147.39
1711.19
3166.25
2703.87
1789.75
2236.92
3182.06
2129.65
1771.58
1577.70
1542.79
3465.75
1340.38
1797.26
2284.45
2849.19
1449.26
981.84
2149.93
2677.86
1561.99
1581.51
2497.21
2111.38
1878.60
1324.28
1015.76
3033.29
3010.36
2038.39
1924.56
3499.58
2140.69
3339.03
742.70
1904.17
1259.91
1803.43
2167.87
1497.49
1322.98
1511.57
917.72
3107.98
1180.87
1158.17
2771.13
1106.16
1613.91
1913.13
1171.22
2070.53
2070.47
1257.69
1974.41
1319.78
697.10
1669.53
705.13
3516.31
1875.83
945.47
2027.73
451.13
1721.83
1389.80
1433.70
1838.87
3056.29
1228.39
1036.98
1719.08
2939.91
2524.70
1937.01
2778.34
1482.25
3386.81
2428.93
2019.34
2478.89
2209.31
1037.43
1753.39
1024.92
1318.64
3602.07
2566.63
3091.27
2134.90
1912.78
1305.22
1282.85
3196.51
2239.00
2614.31
656.09
1108.12
2777.08
1354.39
2403.18
1857.84
2910.86
393.31
2054.49
3727.25
3189.20
1212.41
2085.83
2410.78
3130.76
3225.20
3125.90
2236.13
2234.90
845.35
2282.15
1335.27
1330.04
2077.21
301.99
2597.24
944.33
878.38
2377.37
1125.83
2718.40
1955.72
2877.91
3367.87
1174.23
3023.22
1771.06
2772.89
1013.21
1105.18
2655.37
2532.80
2411.16
1050.18
2972.32
2963.18
731.72
1396.51
1112.15
2710.11
3490.05
2561.27
3224.56
2776.90
1526.88
684.93
755.76
2015.55
3612.69
2507.41
2418.27
1266.58
2532.09
1525.22
3269.34
1092.36
973.57
2860.64
2683.49
1136.86
2761.67
2059.98
1633.63
2097.10
1181.36
1574.95
1488.47
3437.48
1029.75
1628.43
3499.44
2104.68
899.42
2363.02
1869.86
1672.29
2303.91
3229.25
1184.04
783.37
2484.78
2301.24
2697.94
1265.21
1567.50
1634.81
1920.34
1071.19
1513.33
2936.41
2581.60
1201.00
1894.25
1701.15
1552.22
1263.17
3228.76
2840.52
1722.60
2318.88
2112.18
3250.79
2519.86
3019.73
3295.39
1756.25
2205.82
2231.47
1939.83
2011.60
3202.39
3553.57
2300.05
2523.45
2228.65
970.73
2283.00
962.36
1776.86
2372.46
1924.76
1138.41
683.40
1021.03
1965.27
1405.94
2189.54
3063.74
2550.55
1680.68
2313.48
796.68
1727.45
1639.40
1728.79
1615.71
1417.47
2751.67
2442.28
2060.59
835.92
1449.16
1352.47
1391.70
2311.33
2195.50
1638.54
2138.01
2628.33
2053.85
1541.19
1289.45
1764.56
1505.86
2916.44
1020.75
1225.49
2293.26
865.20
3186.63
1685.74
1875.91
1180.32
2817.84
1237.18
3500.48
3121.67
1076.11
3032.92
916.19
909.32
2146.88
1396.89
2489.34
3549.28
1605.99
1509.95
2542.90
434.43
2715.42
1490.43
1964.79
2948.10
1468.27
1530.86
2568.61
1042.40
1867.07
2530.52
723.11
1490.11
917.27
988.12
2074.80
1881.72
1878.08
2855.44
1945.39
1484.49
2479.69
2522.08
1733.62
2411.41
1497.42
1718.63
943.09
2820.53
3019.25
1007.25
1104.44
1157.34
2776.41
3445.23
1390.35
3107.28
1957.11
1650.28
3069.82
1291.81
3292.67
1506.86
1282.90
1560.26
1357.50
2094.92
1001.13
1424.46
2959.38
1847.71
1705.39
2110.23
3192.05
2199.80
1891.43
1056.34
1396.61
1541.92
1775.08
1198.80
3235.12
1994.65
1224.04
1009.97
1058.20
3280.00
1911.42
1219.73
1524.81
3670.47
3688.63
1301.80
1983.32
2345.82
937.07
461.02
2363.19
1300.52
1127.83
1489.21
1278.18
2458.55
3022.62
1520.81
3008.65
2485.39
1307.24
1379.82
1674.24
1411.59
1408.63
2471.02
1086.85
871.53
953.69
1794.39
3408.51
3245.54
1938.72
3051.26
931.21
2196.63
2439.08
1154.51
1162.21
2269.72
973.16
2405.85
2486.08
2881.17
1862.17
1232.02
1606.76
2590.71
1273.54
1272.72
1429.74
1615.07
1436.16
1664.95
1626.22
1876.33
1901.09
1252.72
2139.84
3272.44
1963.41
2787.00
369.33
550.44
2346.75
2406.04
1192.81
2795.44
1532.56
1887.05
964.04
2611.14
1005.47
3464.41
1057.30
2068.48
1224.03
951.27
3434.80
946.80
759.73
1686.25
2054.26
1962.73
990.84
2886.09
1399.13
697.69
3032.59
3253.73
1289.19
2176.59
1780.96
3449.71
1205.68
2590.07
1588.17
1236.28
1533.05
1621.12
1803.99
1513.39
1692.62
1678.61
796.11
1064.77
1342.79
1997.45
2379.15
3129.54
2339.63
1045.71
2022.80
1467.88
1430.43
1955.57
1053.77
1317.54
2100.40
1302.89
1936.95
2579.17
757.84
1363.79
2797.89
1273.25
2550.90
1406.91
1111.71
2664.11
1803.50
2004.81
2461.42
2527.74
1076.59
319.29
3205.61
1956.16
2306.55
1474.17
2236.16
1760.51
3426.41
1899.40
3201.68
1731.08
2317.72
1080.73
3263.94
1723.59
1523.64
2564.60
3172.33
1802.53
1802.87
3245.19
3042.11
910.06
1956.38
1167.68
803.09
1311.54
2426.87
3298.80
1871.38
470.74
2041.94
1068.34
2394.11
2093.78
1466.53
1882.41
2238.99
1935.83
983.46
3085.51
1986.37
1532.82
896.62
2315.54
2094.30
1584.37
1095.79
1656.03
1594.85
2816.61
926.48
2463.77
1840.96
3498.11
2031.50
1728.25
3432.76
1065.54
2876.44
2107.35
1541.92
2366.09
2475.25
2142.53
1144.45
2405.69
1128.64
814.93
3251.77
1967.04
3133.20
1226.36
1628.75
1296.70
3345.18
1654.15
3630.21
1742.40
2256.53
2647.99
1029.41
1893.29
1092.26
1165.18
1492.39
1631.89
788.25
2526.96
1656.35
1352.10
1028.63
971.16
1602.93
2036.55
1319.87
346.01
563.49
853.92
1187.44
672.00
1010.08
1129.76
762.76
207.34
1366.42
1773.24
825.51
1182.87
822.83
1776.47
1282.09
1282.87
457.66
2048.80
1077.38
1609.95
1116.84
617.19
1787.33
976.38
1461.89
1753.29
302.68
593.59
202.47
1749.51
850.44
636.42
1954.36
1321.92
900.29
1048.21
932.91
2006.33
1843.76
307.32
1571.95
986.38
2043.94
662.60
1668.08
1592.53
1929.90
1243.74
1510.75
425.48
754.85
676.50
1595.83
1353.43
812.04
1091.88
1077.44
682.47
1790.56
198.42
1162.16
1124.84
1260.87
977.73
619.99
904.04
1452.50
1301.53
1208.27
941.44
1354.37
984.84
775.89
1510.18
920.74
1170.28
1009.68
808.48
1368.26
1957.68
1075.12
931.31
247.15
1541.85
875.47
559.62
1264.18
1047.37
1880.14
1648.89
873.09
1788.88
903.00
1920.95
638.84
1108.08
655.31
635.02
1216.48
1245.43
1425.49
2014.60
1071.47
520.66
769.70
1844.23
322.79
1548.46
664.47
1050.25
1950.90
2016.84
582.49
584.24
786.19
1678.53
1586.42
528.14
626.05
579.32
2004.71
1511.83
1342.85
1312.90
969.80
2017.81
1548.43
896.46
830.95
1346.55
909.22
1309.49
494.47
1143.09
1409.61
622.77
1398.94
1174.58
849.41
622.77
780.56
566.63
817.09
1600.92
1970.97
1676.74
653.28
1975.18
1054.33
1186.28
1178.44
1410.40
1422.60
474.95
1432.80
946.34
1619.59
651.60
942.45
1831.40
1599.09
1719.83
1422.65
2006.89
1778.10
1370.38
1445.75
1114.90
979.79
1750.45
973.03
1195.00
758.64
1253.25
1250.94
765.61
903.98
1491.85
604.92
1744.01
1893.53
2005.65
1324.45
1009.16
942.53
2033.66
295.36
851.67
605.58
1608.93
1064.62
1110.85
1428.94
844.18
641.35
563.62
1402.93
2026.98
1247.27
2003.21
1623.33
1841.45
1762.46
1429.11
1031.23
1759.55
337.32
919.06
1184.04
953.67
969.61
1582.80
1254.80
955.77
1018.81
1516.86
604.16
1457.27
1657.54
516.14
1039.48
1948.44
1447.58
612.87
497.95
1114.47
593.99
1298.18
302.28
958.69
1181.39
1818.08
908.27
790.63
360.88
1755.53
615.31
639.35
962.11
1729.84
956.92
1564.07
1723.24
705.04
756.52
607.54
1585.96
936.28
684.56
1534.41
2039.76
546.57
2037.24
1155.24
1543.88
1248.01
1115.59
1119.48
612.03
1037.25
1505.61
659.13
825.08
2011.14
1288.31
715.15
1233.27
1356.70
1976.98
1260.96
744.65
882.49
1481.17
1185.95
904.82
1198.69
325.52
396.35
1930.87
1509.30
774.09
734.25
1261.55
829.71
1547.07
1358.19
710.17
1446.83
1523.14
1012.67
1048.20
1295.63
1111.16
775.20
1845.91
1703.96
1650.07
1375.29
1393.07
1001.91
1620.42
1135.47
1618.60
1210.75
863.90
1548.70
1549.85
1045.80
1619.45
848.13
1205.92
615.74
1268.40
931.03
2001.59
1330.44
738.61
1329.05
716.07
1024.98
802.81
757.69
1190.70
811.59
1072.48
868.92
918.42
841.77
420.02
519.35
1119.60
918.60
1471.64
1244.29
1257.35
713.06
1767.66
579.46
1283.22
786.97
716.53
1383.05
1468.80
1962.03
589.75
1670.39
688.49
819.66
2013.36
1093.03
623.09
1292.19
908.86
735.03
1947.18
1624.08
759.10
1471.54
2049.24
2004.47
996.75
1412.86
963.57
1438.74
447.23
797.76
849.43
932.38
434.00
2019.18
1657.59
694.79
878.60
1597.26
743.36
1580.64
1942.15
1012.95
546.03
1532.79
1157.73
669.92
552.35
534.62
1334.42
1717.96
1296.33
1729.28
517.16
1902.37
994.03
1029.19
1669.46
2023.95
1343.19
1295.37
1373.65
898.07
895.89
918.42
1218.10
1655.97
1726.72
924.21
1772.17
1816.56
1623.11
1975.21
1739.22
1087.51
722.08
2022.97
1794.72
769.33
961.67
584.97
1565.55
1072.02
1654.95
1852.08
1302.62
1073.65
705.83
1446.65
1199.72
827.41
712.40
1248.58
726.39
1445.98
943.02
1124.08
815.13
536.77
801.57
1289.22
1660.19
809.74
1322.28
1192.97
1741.84
1337.67
1223.95
636.76
1960.79
1233.52
2008.05
1789.08
1466.46
523.61
628.74
1962.73
1013.89
783.24
1451.37
1216.87
1303.15
1917.99
1232.48
1761.02
1618.36
1455.28
1854.95
1491.98
1383.55
988.43
717.88
833.83
759.72
934.28
867.16
790.97
683.01
1043.13
1126.29
760.93
1740.39
1670.11
338.25
652.50
1640.61
854.01
970.50
1149.10
1194.74
445.14
800.02
1579.33
547.38
958.61
1732.99
765.67
1724.88
1148.24
1875.42
1067.14
710.11
1337.78
1755.40
1769.48
1227.23
531.47
585.84
1556.37
693.50
995.22
1593.75
712.96
1642.02
1469.67
1103.51
2004.53
1763.29
1140.23
769.12
1508.85
850.10
656.45
709.13
448.40
1929.00
1764.27
469.14
1353.34
987.37
1652.39
1050.25
2008.63
2027.24
1498.32
708.75
2018.36
857.15
456.37
421.82
1117.83
854.36
557.21
873.29
1224.90
2009.13
1339.95
1820.02
998.23
636.34
1194.31
1055.92
1896.84
2005.66
795.95
987.21
1365.98
1662.22
1095.24
1446.09
711.85
1561.29
1226.01
1144.50
1556.14
404.81
1061.11
1424.40
1084.24
936.23
452.29
1223.79
1324.11
1188.79
543.39
1184.28
991.71
1618.52
1022.49
1758.75
681.14
1367.53
1984.22
1857.55
937.60
1805.70
1252.51
1224.30
439.09
588.27
2026.14
965.17
1330.52
933.75
1327.35
282.64
1251.38
793.51
982.95
2026.49
1978.49
236.25
1288.97
368.52
1645.54
591.73
1640.48
751.12
1757.09
1918.10
511.88
167.90
567.08
1140.30
1319.63
1495.34
788.91
1170.84
900.09
1403.54
825.62
1016.12
819.96
438.27
1650.89
1765.96
841.58
1018.33
980.32
1426.17
566.74
911.18
1338.91
1204.69
1039.64
1161.63
959.88
1046.14
618.11
1159.22
1087.36
1594.52
1399.12
1488.23
1257.44
885.01
1825.06
633.68
1038.48
1235.18
1513.52
551.96
778.30
1113.15
908.09
1009.17
990.89
2006.76
1932.50
1977.99
820.74
1516.50
591.60
1175.07
2000.82
1211.34
1102.08
535.29
1038.83
1421.30
1457.08
1132.37
1777.54
1613.65
696.95
1566.89
1617.14
1957.69
441.76
938.55
881.81
949.30
2023.76
938.86
1939.81
1016.64
487.35
657.95
1093.92
984.84
1284.65
505.66
345.67
1173.94
1073.06
1538.22
2005.85
918.55
1143.57
791.40
595.01
1428.54
1292.89
902.88
775.81
1955.02
722.89
825.43
1238.23
623.18
789.69
866.25
1448.08
1337.47
1169.18
437.10
532.88
1601.02
446.02
377.51
651.21
1349.98
690.20
929.02
1814.74
711.02
1162.92
1224.98
1034.28
931.35
1026.82
1214.98
1381.90
1431.47
692.29
2031.66
1151.72
1199.35
2010.26
970.70
1877.69
1272.58
1629.84
589.58
811.21
1053.47
689.97
1902.06
2014.11
1785.89
1435.03
1411.04
1539.89
1473.02
1087.89
1581.49
851.77
815.11
1258.42
2056.74
1902.00
1934.65
689.92
601.85
634.81
1132.47
1812.28
1912.35
503.64
1171.51
425.11
1076.42
1926.22
992.15
1418.35
1126.56
857.08
1244.51
779.71
1363.59
818.68
907.01
2024.80
1032.67
618.93
459.81
1111.14
582.67
1395.15
895.61
989.77
1250.18
592.55
416.64
2002.21
1142.04
1157.52
1928.79
1524.08
1389.79
1703.59
1029.12
605.50
1108.66
1245.78
1260.87
425.37
1931.88
1609.26
759.65
397.51
1014.75
895.98
1322.42
1254.66
1326.63
949.35
589.03
611.36
477.51
1654.60
690.41
406.87
1989.70
1399.37
1970.77
553.75
426.00
511.41
1248.79
1473.07
1881.52
398.89
1833.05
1701.56
1697.82
1138.80
1359.31
1148.52
540.64
1749.45
1663.55
1026.34
741.83
424.32
798.06
1340.02
361.10
1942.71
1253.51
990.31
651.47
1037.29
825.42
992.18
2054.92
1425.79
577.37
1271.29
932.70
1532.65
865.31
1132.25
1125.35
1284.92
955.85
2012.52
1037.79
1083.15
1561.24
2020.08
1185.07
1352.26
1529.68
1142.67
506.59
1494.06
462.97
985.94
700.75
1496.32
1279.98
722.03
860.93
671.93
1221.98
2014.92
793.64
2023.38
1231.50
1474.36
965.03
1112.89
1985.93
1301.71
1031.90
768.57
1298.89
758.16
1694.14
1212.40
1996.00
1826.03
1718.95
652.79
754.26
1592.50
1952.61
760.33
1256.37
1072.51
608.81
1842.36
1359.80
1892.66
1217.59
1776.41
1245.22
1604.61
297.60
723.29
839.08
554.69
820.35
1963.52
1161.60
836.83
1154.06
1474.98
832.68
101.99
769.15
1288.12
1878.23
2014.05
1775.50
1264.52
1318.36
443.07
1096.14
989.80
1521.34
1259.24
787.86
887.09
1222.29
1467.45
645.12
761.82
1730.63
1387.84
1052.84
1766.17
1395.89
2010.20
1651.64
856.79
1835.22
648.98
732.93
284.53
869.80
390.56
1655.99
1632.41
1772.06
781.89
1299.47
602.77
506.43
523.80
1907.80
1807.02
1286.18
1731.76
1442.92
719.88
1394.35
1029.25
1150.08
751.92
1687.13
613.96
1280.45
439.81
1398.60
1943.39
1080.85
1542.77
720.94
1953.07
911.42
647.30
1635.52
1199.48
1212.32
1306.22
1384.72
601.39
1040.33
2023.46
1467.48
684.28
1523.27
593.28
1891.21
738.08
1857.68
1500.72
616.81
1077.05
788.69
247.06
846.73
1546.05
763.96
1645.33
834.28
1077.40
1854.57
1987.35
627.41
1450.82
457.60
1476.25
746.13
1117.73
2000.09
1806.60
1298.36
729.77
672.87
2003.05
1343.22
1810.25
1293.95
1575.26
483.69
1605.41
407.69
449.53
956.11
839.34
1991.01
644.57
1362.50
1852.03
1216.65
1304.11
324.42
510.96
1051.30
694.34
533.81
717.53
950.87
1619.80
2019.71
1452.86
1801.68
801.49
1110.60
1735.18
1484.27
1450.43
2010.37
445.42
985.84
681.69
593.58
2056.11
1244.87
1317.04
1286.04
1401.93
855.49
684.42
825.00
1879.40
1111.06
1515.35
1025.28
1790.31
2004.19
1067.96
192.59
1459.62
1746.60
1339.79
601.81
1567.28
897.32
690.17
899.53
2014.03
1098.24
1071.43
1379.71
2016.61
1746.51
526.76
1532.86
1483.88
1014.50
204.35
1068.37
1273.51
960.82
1415.02
1787.11
827.00
445.08
645.06
1893.93
603.43
